5670
5583
5112
5583
483
4832
5700
483
853
3324
5583
483
2094
1649
5112
1795
5583
5700
2709
1733
5583
853
1104
2530
483
4909
4784
1649
4550
483
1649
483
3023
1649
5556
5583
2709
688
1104
4784
4784
483
2530
3324
3548
119
483
4550
3548
5014
483
3324
3548
119
483
4832
853
1104
2530
483
1795
3548
5700
5583
2709
5670
5583
5112
5583
483
4832
5700
483
853
3324
5583
483
2094
1649
5112
1795
5583
5700
2709
2757
853
1649
5700
1795
483
5251
5583
5112
4550
483
2530
853
4832
4784
4784
2709
2836
3324
4832
2530
1104
4784
4784
483
4172
5583
483
2530
3548
483
5556
5014
2845
3324
483
2155
5014
5700
2709
3882
5700
1795
483
853
3324
5583
5700
483
2530
3324
5583
483
2530
5556
4832
4784
5583
1795
2709
2836
3324
1649
853
1104
2530
483
119
3324
1649
853
483
688
1104
5556
483
1649
2155
853
5583
5112
2709
3882
483
2530
5556
4832
4784
5583
483
4832
5700
483
3324
5583
5112
483
5583
4550
5583
2530
2709
2836
3324
5583
483
2530
3548
5014
5700
1795
483
3548
2155
483
3324
5583
5112
483
4784
1649
5014
3023
3324
853
5583
5112
2709
5670
1649
4909
4909
4550
483
853
3548
483
4784
4832
2530
853
5583
5700
2709
5670
1649
4909
4909
4550
483
853
3548
483
4909
4784
1649
4550
2709
5670
1649
4909
4909
4832
4784
4550
483
119
1649
853
2845
3324
4832
5700
3023
483
3324
5583
5112
483
1795
5112
4832
2155
853
483
1649
119
1649
4550
2709
5670
1649
4909
4909
4832
4784
4550
483
119
1649
4832
853
4832
5700
3023
2709
3882
4784
4784
483
3548
5700
483
5556
4550
483
3548
119
5700
2709
5502
5700
1795
5583
5112
483
853
3324
5583
483
5583
5700
1795
4784
5583
2530
2530
483
2530
963
4550
2709
731
3548
5014
5700
853
4832
5700
3023
483
853
3324
5583
483
2530
5583
2845
3548
5700
1795
2530
2709
2757
853
1649
5700
1795
4832
5700
3023
483
1649
4784
3548
5700
5583
2709
3882
2530
483
853
3324
3548
5014
2530
1649
5700
1795
2530
483
3548
2155
483
4550
5583
1649
5112
2530
483
3023
3548
483
4172
4550
2709
5670
1649
4909
4909
4832
4784
4550
483
119
3548
5700
1795
5583
5112
4832
5700
3023
2709
990
4832
3023
3324
853
483
1649
2155
853
5583
5112
483
5700
4832
3023
3324
853
2709
688
2530
483
853
3324
4832
2530
483
3324
3548
119
483
4832
853
483
119
3548
5112
963
2530
5390
2709
3882
5556
483
688
483
1795
3548
4832
5700
3023
483
4832
853
483
5112
4832
3023
3324
853
5390
2709
5670
1649
4909
4909
4550
483
853
3548
483
4784
4832
2530
853
5583
5700
2709
5670
1649
4909
4909
4550
483
853
3548
483
2530
853
1649
4550
2709
5670
1649
4909
4909
4832
4784
4550
483
119
1649
853
2845
3324
4832
5700
3023
483
3324
5583
5112
483
1795
5112
4832
2155
853
483
1649
119
1649
4550
2709
2443
3548
5014
483
963
5583
5583
4909
483
3548
5700
483
853
5014
5112
5700
4832
5700
3023
483
4909
1649
3023
5583
2530
483
2155
3548
5112
483
4909
5583
3548
4909
4784
5583
483
119
3324
3548
483
1795
3548
5700
1104
853
483
2845
1649
5112
5583
2709
4782
5583
3548
4909
4784
5583
483
119
3324
3548
483
1795
3548
5700
1104
853
483
2845
1649
5112
5583
483
1649
4172
3548
5014
853
483
4550
3548
5014
2709
3882
5700
1795
483
2530
853
4832
4784
4784
2256
483
4832
853
483
853
1649
963
5583
2530
483
4550
3548
5014
483
1649
3023
5583
2530
483
853
3548
483
2530
5583
5583
483
853
3324
1649
853
483
5700
3548
483
3548
5700
5583
1104
2530
483
853
3324
5583
5112
5583
2709
2757
5583
5583
483
853
3324
1649
853
483
5700
3548
483
3548
5700
5583
1104
2530
483
853
3324
5583
5112
5583
2709
2757
5583
5583
483
853
3324
1649
853
483
5700
3548
483
3548
5700
5583
1104
2530
483
853
3324
5583
5112
5583
2709
4125
5251
5583
5112
4550
3548
5700
5583
1104
2530
483
3023
3548
5700
5583
483
3548
5700
483
119
4832
853
3324
3548
5014
853
483
4550
3548
5014
2709
3698
4832
5700
1649
4784
4784
4550
483
2530
3548
5556
5583
853
3324
4832
5700
3023
2709
3698
4832
5700
1649
4784
4784
4550
483
5700
5583
119
2530
2709
3882
4172
3548
5014
853
483
3324
3548
119
483
853
3324
5583
483
2530
853
3548
5112
4550
483
5583
5700
1795
2530
2709
2757
3324
5583
483
1795
3548
5583
2530
5700
1104
853
483
5583
2333
4832
2530
853
483
5700
3548
119
2709
2757
5014
5112
5251
4832
5251
5583
1795
483
4172
4550
483
3324
5583
5112
483
2530
3548
5700
2709
3882
5700
1795
483
1649
4784
4784
483
3548
2155
483
3324
5583
5112
483
4172
5112
1649
5700
1795
483
5700
5583
119
483
2155
5112
4832
5583
5700
1795
2530
2709
688
2530
5700
1104
853
483
853
3324
1649
853
483
4784
3548
5251
5583
4784
4550
5390
2709
688
2530
5700
1104
853
483
853
3324
1649
853
483
2845
3548
3548
4784
5390
2709
3882
5700
1795
483
4832
2530
5700
1104
853
483
853
3324
1649
853
483
2845
5112
5014
5583
4784
5390
2709
3882
5700
1795
483
1649
5112
5583
5700
1104
853
483
688
483
1649
483
2155
3548
3548
4784
483
853
3548
483
3324
1649
5251
5583
2709
5670
1649
4909
4909
4832
4784
4550
483
4784
4832
2530
853
5583
5700
5583
1795
2709
5670
1649
4909
4909
4550
483
853
3548
483
2530
853
1649
4550
2709
5670
1649
4909
4909
4832
4784
4550
483
119
1649
853
2845
3324
4832
5700
3023
483
3324
5583
5112
483
1795
5112
4832
2155
853
2709
5418
5112
4832
2155
853
2709
5418
5112
4832
2155
853
483
1649
119
1649
4550
